Title: SPARC: Mass Models for 175 Disk Galaxies with Spitzer Photometry 
       and Accurate Rotation Curves 
Authors: Lelli F., McGaugh S.S., Schombert J.M.
Table: Mass Models
================================================================================
Byte-by-byte Description of file: datafile2.txt
--------------------------------------------------------------------------------
   Bytes Format Units        Label   Explanations
--------------------------------------------------------------------------------
   1- 11 A11    ---          ID      Galaxy identifier
  13- 18 F6.2   Mpc          D       Assumed distance
  20- 25 F6.2   kpc          R       Galactocentric radius
  27- 32 F6.2   km/s         Vobs    Observed circular velocity
  34- 38 F5.2   km/s       e_Vobs    Uncertainty in Vobs (1)
  40- 45 F6.2   km/s         Vgas    Gas velocity contribution (2)
  47- 52 F6.2   km/s         Vdisk   Disk velocity contribution (3)
  54- 59 F6.2   km/s         Vbul    Bulge velocity contribution (3)
  61- 67 F7.2   solLum/pc2   SBdisk  Disk surface brightness
  69- 76 F8.2   solLum/pc2   SBbul   Bulge surface brightness
--------------------------------------------------------------------------------
Note (1): Random error due to non-circular motions and/or kinematic asymmetries.
It does not include systematic uncertainties due to inclination corrections.
Note (2): Vgas includes a factor 1.33 to account for cosmological helium.
Note (3): Vdisk and Vbul are given for M/L = 1 solMass/solLum at [3.6].
--------------------------------------------------------------------------------
CamB          3.36   0.16   1.99  1.50   1.86   3.75   0.00   30.32     0.00 
CamB          3.36   0.41   4.84  1.50   4.24   9.47   0.00   23.77     0.00 
CamB          3.36   0.57   6.79  1.50   5.61  11.76   0.00   15.87     0.00 
CamB          3.36   0.73   8.87  1.50   6.77  13.72   0.00   12.40     0.00 
CamB          3.36   0.90  10.90  1.50   7.77  14.80   0.00    9.63     0.00 
CamB          3.36   1.06  12.90  1.50   8.44  15.24   0.00    5.86     0.00 
CamB          3.36   1.22  14.70  1.50   8.64  15.11   0.00    5.19     0.00 
CamB          3.36   1.47  16.80  1.50   8.08  15.90   0.00    3.02     0.00 
CamB          3.36   1.79  20.10  1.50   6.91  14.91   0.00    0.88     0.00 
D512-2       15.2    0.96  22.90  2.71   4.08  14.85   0.00   16.45     0.00 
D512-2       15.2    1.92  33.50  2.71   6.24  21.20   0.00    7.40     0.00 
D512-2       15.2    2.88  37.20  4.19   7.45  20.56   0.00    2.72     0.00 
D512-2       15.2    3.83  35.90  5.98   8.09  20.08   0.00    1.79     0.00 
D564-8        8.79   0.51   8.54  1.53   3.47   6.36   0.00    6.37     0.00 
D564-8        8.79   1.02  15.10  1.41   5.33   8.66   0.00    2.82     0.00 
D564-8        8.79   1.53  19.80  1.80   6.34   9.09   0.00    1.19     0.00 
D564-8        8.79   2.04  21.90  1.82   6.86   8.75   0.00    0.52     0.00 
D564-8        8.79   2.56  24.00  1.89   7.05   8.17   0.00    0.22     0.00 
D564-8        8.79   3.07  25.00  2.05   7.04   7.65   0.00    0.00     0.00 
D631-7        7.72   0.45   8.41  1.58   8.40   9.99   0.00   26.06     0.00 
D631-7        7.72   0.90  17.80  2.22  13.51  15.52   0.00   19.64     0.00 
D631-7        7.72   1.35  26.00  2.35  16.70  20.76   0.00   12.17     0.00 
D631-7        7.72   1.80  30.90  2.22  18.72  21.37   0.00    4.50     0.00 
D631-7        7.72   2.25  34.70  1.82  19.90  19.92   0.00    2.10     0.00 
D631-7        7.72   2.69  38.80  1.81  20.61  18.76   0.00    1.13     0.00 
D631-7        7.72   3.14  42.50  1.57  20.73  17.36   0.00    0.54     0.00 
D631-7        7.72   3.59  45.60  1.59  20.61  16.32   0.00    0.37     0.00 
D631-7        7.72   4.04  48.80  1.83  20.38  15.37   0.00    0.18     0.00 
D631-7        7.72   4.49  51.80  1.91  19.90  14.49   0.00    0.10     0.00 
D631-7        7.72   4.94  54.80  2.19  19.43  13.72   0.00    0.05     0.00 
D631-7        7.72   5.39  56.60  2.73  18.84  13.04   0.00    0.03     0.00 
D631-7        7.72   5.84  58.40  3.27  18.25  12.45   0.00    0.01     0.00 
D631-7        7.72   6.29  58.50  3.95  17.65  11.93   0.00    0.01     0.00 
D631-7        7.72   6.74  57.70  4.07  17.06  11.48   0.00    0.00     0.00 
D631-7        7.72   7.19  57.30  3.94  16.47  11.08   0.00    0.00     0.00 
DDO064        6.8    0.10   6.29  4.62  -1.13   1.96   0.00   28.50     0.00 
DDO064        6.8    0.30  13.90  4.62  -2.45   6.31   0.00   27.26     0.00 
DDO064        6.8    0.49  15.60  4.62  -0.64   9.67   0.00   24.99     0.00 
DDO064        6.8    0.69  18.40  4.62   2.49  13.92   0.00   20.86     0.00 
DDO064        6.8    0.89  22.50  4.62   1.87  15.16   0.00   13.91     0.00 
DDO064        6.8    1.09  26.50  4.62   4.97  16.41   0.00   11.73     0.00 
DDO064        6.8    1.29  35.30  4.62   9.29  17.34   0.00   10.30     0.00 
DDO064        6.8    1.48  40.50  4.62  13.62  18.34   0.00    7.96     0.00 
DDO064        6.8    1.68  44.20  4.89  16.26  19.12   0.00    6.72     0.00 
DDO064        6.8    1.88  46.30  4.62  18.16  19.54   0.00    3.97     0.00 
DDO064        6.8    2.08  46.40  4.62  19.64  19.10   0.00    2.84     0.00 
DDO064        6.8    2.27  46.30  4.62  20.17  18.77   0.00    2.16     0.00 
DDO064        6.8    2.37  46.40  6.73  20.59  18.61   0.00    1.86     0.00 
DDO064        6.8    2.98  46.90  8.65  22.17  17.21   0.00    0.00     0.00 
DDO154        4.04   0.49  13.80  1.60   3.74  12.31   0.00   15.93     0.00 
DDO154        4.04   0.99  21.60  0.80   7.46  14.55   0.00    5.52     0.00 
DDO154        4.04   1.48  28.90  0.70  10.87  12.95   0.00    1.26     0.00 
DDO154        4.04   1.97  34.30  0.50  13.32  11.54   0.00    0.29     0.00 
DDO154        4.04   2.47  38.20  0.40  14.77  10.18   0.00    0.08     0.00 
DDO154        4.04   2.96  42.00  0.20  16.20   9.16   0.00    0.02     0.00 
DDO154        4.04   3.46  44.60  0.20  17.60   8.37   0.00    0.01     0.00 
DDO154        4.04   3.95  46.30  0.20  17.91   7.77   0.00    0.00     0.00 
DDO154        4.04   4.44  47.40  0.30  17.48   7.29   0.00    0.00     0.00 
DDO154        4.04   4.94  48.20  0.60  16.93   6.89   0.00    0.00     0.00 
DDO154        4.04   5.43  47.40  0.70  16.28   6.55   0.00    0.00     0.00 
DDO154        4.04   5.92  45.50  1.30  15.64   6.26   0.00    0.00     0.00 
DDO161        7.5    0.60  16.00  3.53   6.82  12.59   0.00   30.32     0.00 
DDO161        7.5    0.73  16.60  4.83   8.12  14.22   0.00   27.69     0.00 
DDO161        7.5    0.85  18.60  2.50   9.30  15.27   0.00   27.15     0.00 
DDO161        7.5    0.98  20.00  7.58  10.41  17.04   0.00   25.71     0.00 
DDO161        7.5    1.07  21.40  4.03  11.27  18.03   0.00   24.23     0.00 
DDO161        7.5    1.54  28.90  2.74  15.22  22.44   0.00   17.21     0.00 
DDO161        7.5    2.02  32.90  2.65  18.74  24.92   0.00   11.77     0.00 
DDO161        7.5    2.49  35.20  2.88  21.52  25.85   0.00    7.54     0.00 
DDO161        7.5    2.96  37.60  3.05  23.28  26.01   0.00    5.12     0.00 
DDO161        7.5    3.43  40.60  3.68  24.59  25.36   0.00    3.64     0.00 
DDO161        7.5    3.90  42.70  3.25  25.62  25.01   0.00    2.55     0.00 
DDO161        7.5    4.37  45.50  2.99  26.35  24.48   0.00    1.74     0.00 
DDO161        7.5    4.86  48.90  1.96  27.08  23.70   0.00    1.09     0.00 
DDO161        7.5    5.34  51.50  1.53  27.81  22.69   0.00    0.64     0.00 
DDO161        7.5    5.81  53.00  1.86  28.40  21.59   0.00    0.46     0.00 
DDO161        7.5    6.28  55.00  1.48  28.98  20.86   0.00    0.36     0.00 
DDO161        7.5    6.75  57.60  0.99  29.57  20.11   0.00    0.24     0.00 
DDO161        7.5    7.22  59.70  1.19  30.30  19.38   0.00    0.16     0.00 
DDO161        7.5    7.69  60.50  1.26  31.18  18.70   0.00    0.11     0.00 
DDO161        7.5    8.16  61.80  1.33  32.06  18.06   0.00    0.07     0.00 
DDO161        7.5    8.64  62.90  1.35  32.64  17.47   0.00    0.05     0.00 
DDO161        7.5    9.11  63.00  2.09  33.23  16.94   0.00    0.03     0.00 
DDO161        7.5    9.58  64.50  2.38  33.38  16.44   0.00    0.02     0.00 
DDO161        7.5   10.05  65.60  1.08  33.38  15.98   0.00    0.02     0.00 
DDO161        7.5   10.52  67.50  3.22  32.79  15.57   0.00    0.01     0.00 
DDO161        7.5   10.99  66.80  2.37  32.06  15.18   0.00    0.01     0.00 
DDO161        7.5   11.46  66.80  0.95  31.18  14.81   0.00    0.00     0.00 
DDO161        7.5   11.94  66.60  0.96  30.30  14.47   0.00    0.00     0.00 
DDO161        7.5   12.41  66.80  0.99  29.42  14.16   0.00    0.00     0.00 
DDO161        7.5   12.90  66.30  0.74  28.69  13.86   0.00    0.00     0.00 
DDO161        7.5   13.37  66.10  1.31  27.81  13.59   0.00    0.00     0.00 
DDO168        4.25   0.41  15.00  4.10  10.41   8.28   0.00   20.43     0.00 
DDO168        4.25   0.82  23.40  1.30  18.08  12.66   0.00   14.59     0.00 
DDO168        4.25   1.24  29.20  1.50  20.09  15.11   0.00    8.79     0.00 
DDO168        4.25   1.64  36.20  1.10  20.20  15.99   0.00    5.90     0.00 
DDO168        4.25   2.06  44.00  1.10  22.00  16.89   0.00    4.09     0.00 
DDO168        4.25   2.47  52.10  1.20  22.63  17.03   0.00    2.87     0.00 
DDO168        4.25   2.89  52.90  1.70  22.95  16.99   0.00    2.09     0.00 
DDO168        4.25   3.30  54.80  2.20  22.74  17.19   0.00    1.56     0.00 
DDO168        4.25   3.71  55.00  2.50  22.74  17.16   0.00    0.82     0.00 
DDO168        4.25   4.12  52.00  2.70  22.74  16.37   0.00    0.00     0.00 
DDO170       15.4    1.87  27.70  3.00   8.68  18.19   0.00    9.38     0.00 
DDO170       15.4    3.36  42.40  1.50  15.07  19.75   0.00    3.58     0.00 
DDO170       15.4    4.86  52.50  1.00  20.59  19.94   0.00    2.02     0.00 
DDO170       15.4    6.35  55.60  1.00  24.61  19.17   0.00    0.91     0.00 
DDO170       15.4    7.85  58.60  1.10  26.94  18.71   0.00    0.47     0.00 
DDO170       15.4    9.34  59.00  1.20  27.60  17.41   0.00    0.18     0.00 
DDO170       15.4   10.83  60.00  1.30  26.77  16.05   0.00    0.09     0.00 
DDO170       15.4   12.33  62.20  1.00  24.90  15.01   0.00    0.00     0.00 
Title: SPARC: Mass Models for 175 Disk Galaxies with Spitzer Photometry 
       and Accurate Rotation Curves 
Authors: Lelli F., McGaugh S.S., Schombert J.M.
Table: Mass Models
================================================================================
Byte-by-byte Description of file: datafile2.txt
--------------------------------------------------------------------------------
   Bytes Format Units        Label   Explanations
--------------------------------------------------------------------------------
   1- 11 A11    ---          ID      Galaxy identifier
  13- 18 F6.2   Mpc          D       Assumed distance
  20- 25 F6.2   kpc          R       Galactocentric radius
  27- 32 F6.2   km/s         Vobs    Observed circular velocity
  34- 38 F5.2   km/s       e_Vobs    Uncertainty in Vobs (1)
  40- 45 F6.2   km/s         Vgas    Gas velocity contribution (2)
  47- 52 F6.2   km/s         Vdisk   Disk velocity contribution (3)
  54- 59 F6.2   km/s         Vbul    Bulge velocity contribution (3)
  61- 67 F7.2   solLum/pc2   SBdisk  Disk surface brightness
  69- 76 F8.2   solLum/pc2   SBbul   Bulge surface brightness
--------------------------------------------------------------------------------
Note (1): Random error due to non-circular motions and/or kinematic asymmetries.
It does not include systematic uncertainties due to inclination corrections.
Note (2): Vgas includes a factor 1.33 to account for cosmological helium.
Note (3): Vdisk and Vbul are given for M/L = 1 solMass/solLum at [3.6].
--------------------------------------------------------------------------------
DDO154        4.04   0.49  13.80  1.60   3.74  12.31   0.00   15.93     0.00 
DDO154        4.04   0.99  21.60  0.80   7.46  14.55   0.00    5.52     0.00 
DDO154        4.04   1.48  28.90  0.70  10.87  12.95   0.00    1.26     0.00 
DDO154        4.04   1.97  34.30  0.50  13.32  11.54   0.00    0.29     0.00 
DDO154        4.04   2.47  38.20  0.40  14.77  10.18   0.00    0.08     0.00 
DDO154        4.04   2.96  42.00  0.20  16.20   9.16   0.00    0.02     0.00 
DDO154        4.04   3.46  44.60  0.20  17.60   8.37   0.00    0.01     0.00 
DDO154        4.04   3.95  46.30  0.20  17.91   7.77   0.00    0.00     0.00 
DDO154        4.04   4.44  47.40  0.30  17.48   7.29   0.00    0.00     0.00 
DDO154        4.04   4.94  48.20  0.60  16.93   6.89   0.00    0.00     0.00 
DDO154        4.04   5.43  47.40  0.70  16.28   6.55   0.00    0.00     0.00 
DDO154        4.04   5.92  45.50  1.30  15.64   6.26   0.00    0.00     0.00 
NGC3198      13.8    0.32  24.40 35.90   0.00  63.28   0.00 1084.92     0.00 
NGC3198      13.8    0.64  43.30 16.30   0.00  73.66   0.00  590.57     0.00 
NGC3198      13.8    0.96  45.50 16.10   0.00  78.98   0.00  410.97     0.00 
NGC3198      13.8    1.28  58.50 15.40   0.35  82.70   0.00  329.34     0.00 
NGC3198      13.8    1.61  68.80  7.61   0.15  84.22   0.00  268.62     0.00 
NGC3198      13.8    1.93  76.90 10.30  -0.05  83.17   0.00  247.67     0.00 
NGC3198      13.8    2.24  82.00  8.09  -0.47  87.04   0.00  227.56     0.00 
NGC3198      13.8    2.57  86.90  7.60  -0.95  88.91   0.00  205.02     0.00 
NGC3198      13.8    2.89  97.60  3.03  -1.43  88.98   0.00  200.20     0.00 
NGC3198      13.8    3.21 100.00  5.31  -1.14  93.81   0.00  208.58     0.00 
NGC3198      13.8    3.54 107.00  7.51  -0.39 101.22   0.00  208.47     0.00 
NGC3198      13.8    3.85 113.00  7.32   0.36 108.53   0.00  196.07     0.00 
NGC3198      13.8    4.17 117.00  5.21   1.52 115.51   0.00  179.96     0.00 
NGC3198      13.8    4.50 119.00  5.67   3.07 120.51   0.00  164.19     0.00 
NGC3198      13.8    4.82 127.00  5.39   4.63 125.42   0.00  150.99     0.00 
NGC3198      13.8    5.15 132.00  4.34   6.02 129.40   0.00  138.08     0.00 
NGC3198      13.8    5.46 134.00  2.36   7.16 133.15   0.00  126.00     0.00 
NGC3198      13.8    5.78 137.00  0.89   8.31 136.45   0.00  113.63     0.00 
NGC3198      13.8    6.10 140.00  2.84   9.46 139.41   0.00  101.19     0.00 
NGC3198      13.8    6.43 142.00  0.88  10.61 141.85   0.00   86.52     0.00 
NGC3198      13.8    6.74 144.00  1.23  11.77 142.32   0.00   70.23     0.00 
NGC3198      13.8    7.06 146.00  1.57  12.87 140.94   0.00   57.67     0.00 
NGC3198      13.8    8.04 147.00  3.00  16.39 135.68   0.00   40.74     0.00 
NGC3198      13.8    9.04 148.00  3.00  20.03 130.79   0.00   31.83     0.00 
NGC3198      13.8   10.04 152.00  2.00  23.68 128.10   0.00   26.64     0.00 
NGC3198      13.8   11.04 155.00  2.00  27.08 126.67   0.00   21.02     0.00 
NGC3198      13.8   12.05 156.00  2.00  30.11 124.98   0.00   15.42     0.00 
NGC3198      13.8   14.05 157.00  2.00  34.48 118.12   0.00    6.42     0.00 
NGC3198      13.8   16.07 153.00  2.00  36.43 108.22   0.00    2.95     0.00 
NGC3198      13.8   18.13 153.00  2.00  37.76 101.10   0.00    2.39     0.00 
NGC3198      13.8   20.05 154.00  2.00  39.83  96.40   0.00    1.44     0.00 
NGC3198      13.8   22.12 153.00  2.00  40.92  91.56   0.00    0.72     0.00 
NGC3198      13.8   24.03 150.00  2.00  41.77  87.03   0.00    0.28     0.00 
NGC3198      13.8   26.10 149.00  2.00  43.71  82.67   0.00    0.16     0.00 
NGC3198      13.8   28.16 148.00  2.00  45.41  79.06   0.00    0.08     0.00 
NGC3198      13.8   30.08 146.00  2.00  45.29  76.07   0.00    0.04     0.00 
NGC3198      13.8   32.14 147.00  2.00  44.56  73.27   0.00    0.02     0.00 
NGC3198      13.8   34.06 148.00  2.00  44.81  70.91   0.00    0.01     0.00 
NGC3198      13.8   36.12 148.00  2.00  45.90  68.62   0.00    0.01     0.00 
NGC3198      13.8   38.19 149.00  2.00  46.75  66.59   0.00    0.00     0.00 
NGC3198      13.8   40.10 150.00  2.00  47.48  64.84   0.00    0.00     0.00 
NGC3198      13.8   42.17 150.00  3.00  48.93  63.10   0.00    0.00     0.00 
NGC3198      13.8   44.08 149.00  3.00  47.84  61.63   0.00    0.00     0.00 
NGC2403       3.16   0.16  24.50  2.83   0.00  23.21   0.00 1105.79     0.00 
NGC2403       3.16   0.26  35.30  2.46   0.00  35.33   0.00 1006.36     0.00 
NGC2403       3.16   0.36  43.20  1.12   1.92  46.97   0.00  938.26     0.00 
NGC2403       3.16   0.46  52.00  1.25   2.29  56.68   0.00  789.78     0.00 
NGC2403       3.16   0.56  60.90  2.93   2.64  63.77   0.00  624.65     0.00 
NGC2403       3.16   0.66  65.80  1.25   3.00  67.56   0.00  511.64     0.00 
NGC2403       3.16   0.76  71.70  1.25   3.34  70.83   0.00  469.31     0.00 
NGC2403       3.16   8.45 127.00  1.45  38.38  76.42   0.00    1.90     0.00 
NGC2403       3.16   8.94 128.00  1.12  39.97  74.09   0.00    1.34     0.00 
NGC2403       3.16   9.44 128.00  1.68  41.47  71.75   0.00    0.93     0.00 
NGC2403       3.16  10.43 127.00  1.24  43.96  67.61   0.00    0.46     0.00 
NGC2403       3.16  11.43 130.00  1.13  45.76  64.12   0.00    0.22     0.00 
NGC2403       3.16  13.91 133.00  3.81  46.25  57.26   0.00    0.04     0.00 
NGC2403       3.16  16.40 134.00  2.35  44.16  52.26   0.00    0.01     0.00 
NGC2403       3.16  18.88 133.00  7.83  40.27  48.46   0.00    0.00     0.00 
NGC2403       3.16  20.87 134.00  3.12  39.87  45.97   0.00    0.00     0.00 
UGCA442       4.35   0.42  14.20  1.91   4.87   4.78   0.00   11.05     0.00 
UGCA442       4.35   1.26  28.60  1.82  13.14  10.76   0.00    5.81     0.00 
UGCA442       4.35   2.11  41.00  1.74  19.65  13.60   0.00    2.75     0.00 
UGCA442       4.35   2.96  49.00  1.91  22.42  13.29   0.00    1.00     0.00 
UGCA442       4.35   3.79  54.80  2.05  22.82  12.56   0.00    0.72     0.00 
UGCA442       4.35   4.65  56.40  3.12  21.37  12.33   0.00    0.43     0.00 
UGCA442       4.35   5.48  57.80  2.83  18.73  12.04   0.00    0.18     0.00 
UGCA442       4.35   6.33  56.50  0.65  16.75  10.62   0.00    0.00     0.00 
NGC3741       3.21   0.23  13.10  2.19   2.45  11.60   0.00   35.93     0.00 
NGC3741       3.21   0.47  17.30  2.39   4.75  13.88   0.00    9.96     0.00 
NGC3741       3.21   0.70  23.60  2.21   6.71  13.02   0.00    2.76     0.00 
NGC3741       3.21   0.93  26.20  2.21   7.80  11.93   0.00    1.21     0.00 
NGC3741       3.21   1.17  27.40  2.24   8.39  10.78   0.00    0.32     0.00 
NGC3741       3.21   1.40  26.90  2.23   8.84   9.72   0.00    0.10     0.00 
NGC3741       3.21   1.64  27.40  2.21   9.23   8.89   0.00    0.03     0.00 
NGC3741       3.21   1.87  31.00  2.20   9.41   8.25   0.00    0.01     0.00 
NGC3741       3.21   2.10  32.50  2.19   9.55   7.73   0.00    0.00     0.00 
NGC3741       3.21   2.33  33.00  2.19  10.05   7.30   0.00    0.00     0.00 
NGC3741       3.21   2.57  36.50  2.20  10.65   6.92   0.00    0.00     0.00 
NGC3741       3.21   2.80  38.90  2.21  11.28   6.62   0.00    0.00     0.00 
NGC3741       3.21   3.26  41.50  2.21  12.00   6.11   0.00    0.00     0.00 
NGC3741       3.21   3.73  42.70  2.20  12.41   5.70   0.00    0.00     0.00 
NGC3741       3.21   4.21  44.70  2.22  13.14   5.36   0.00    0.00     0.00 
NGC3741       3.21   4.67  46.70  2.24  13.55   5.09   0.00    0.00     0.00 
NGC3741       3.21   5.14  48.50  2.27  13.86   4.84   0.00    0.00     0.00 
NGC3741       3.21   5.61  50.00  2.32  13.86   4.63   0.00    0.00     0.00 
NGC3741       3.21   6.07  50.20  2.40  13.76   4.45   0.00    0.00     0.00 
NGC3741       3.21   6.54  50.10  2.57  13.55   4.29   0.00    0.00     0.00 
NGC3741       3.21   7.00  51.60  3.24  13.34   4.14   0.00    0.00     0.00 
DDO161        7.5    0.60  16.00  3.53   6.82  12.59   0.00   30.32     0.00 
DDO161        7.5    0.73  16.60  4.83   8.12  14.22   0.00   27.69     0.00 
DDO161        7.5    0.85  18.60  2.50   9.30  15.27   0.00   27.15     0.00 
DDO161        7.5    1.07  21.40  4.03  11.27  18.03   0.00   24.23     0.00 
DDO161        7.5    1.54  28.90  2.74  15.22  22.44   0.00   17.21     0.00 
DDO161        7.5    2.02  32.90  2.65  18.74  24.92   0.00   11.77     0.00 
DDO161        7.5    2.49  35.20  2.88  21.52  25.85   0.00    7.54     0.00 
DDO161        7.5    2.96  37.60  3.05  23.28  26.01   0.00    5.12     0.00 
DDO161        7.5    3.43  40.60  3.68  24.59  25.36   0.00    3.64     0.00 
DDO161        7.5    3.90  42.70  3.25  25.62  25.01   0.00    2.55     0.00 
DDO161        7.5    4.37  45.50  2.99  26.35  24.48   0.00    1.74     0.00 
DDO161        7.5    4.86  48.90  1.96  27.08  23.70   0.00    1.09     0.00 
DDO161        7.5    5.34  51.50  1.53  27.81  22.69   0.00    0.64     0.00 
DDO161        7.5    5.81  53.00  1.86  28.40  21.59   0.00    0.46     0.00 
DDO161        7.5    6.28  55.00  1.48  28.98  20.86   0.00    0.36     0.00 
DDO161        7.5    6.75  57.60  0.99  29.57  20.11   0.00    0.24     0.00 
DDO161        7.5    7.22  59.70  1.19  30.30  19.38   0.00    0.16     0.00 
DDO161        7.5    7.69  60.50  1.26  31.18  18.70   0.00    0.11     0.00 
DDO161        7.5    8.16  61.80  1.33  32.06  18.06   0.00    0.07     0.00 
DDO161        7.5    8.64  62.90  1.35  32.64  17.47   0.00    0.05     0.00 
DDO161        7.5    9.11  63.00  2.09  33.23  16.94   0.00    0.03     0.00 
DDO161        7.5    9.58  64.50  2.38  33.38  16.44   0.00    0.02     0.00 
DDO161        7.5   10.05  65.60  1.08  33.38  15.98   0.00    0.02     0.00 
DDO161        7.5   10.52  67.50  3.22  32.79  15.57   0.00    0.01     0.00 
DDO161        7.5   10.99  66.80  2.37  32.06  15.18   0.00    0.01     0.00 
DDO161        7.5   11.46  66.80  0.95  31.18  14.81   0.00    0.00     0.00 
DDO161        7.5   11.94  66.60  0.96  30.30  14.47   0.00    0.00     0.00 
DDO161        7.5   12.41  66.80  0.99  29.42  14.16   0.00    0.00     0.00 
DDO161        7.5   12.90  66.30  0.74  28.69  13.86   0.00    0.00     0.00 
DDO161        7.5   13.37  66.10  1.31  27.81  13.59   0.00    0.00     0.00 
NGC2915       4.06   0.34  13.50 10.10   4.08  44.78   0.00  329.95     0.00 
NGC2915       4.06   0.67  31.30 12.50   7.65  48.88   0.00   91.07     0.00 
NGC2915       4.06   1.00  35.30 13.40  10.36  46.82   0.00   36.28     0.00 
NGC2915       4.06   1.34  50.50  9.38  11.92  43.88   0.00   16.86     0.00 
NGC2915       4.06   1.68  61.00 10.10  12.33  40.74   0.00    8.72     0.00 
NGC2915       4.06   2.01  66.50 11.90  12.44  38.01   0.00    4.56     0.00 
NGC2915       4.06   2.34  74.40 11.60  12.54  35.66   0.00    2.91     0.00 
NGC2915       4.06   2.67  83.00  9.17  12.44  33.66   0.00    1.60     0.00 
NGC2915       4.06   3.01  86.40  7.66  12.13  31.74   0.00    0.88     0.00 
NGC2915       4.06   3.35  83.60  8.18  12.02  29.95   0.00    0.43     0.00 
NGC2915       4.06   3.68  79.80  7.93  12.54  28.46   0.00    0.24     0.00 
NGC2915       4.06   4.02  82.80  6.95  13.47  27.13   0.00    0.13     0.00 
NGC2915       4.06   4.35  83.50  7.19  14.61  25.93   0.00    0.07     0.00 
NGC2915       4.06   4.68  80.40  7.85  15.44  24.93   0.00    0.04     0.00 
NGC2915       4.06   5.02  80.30  7.57  15.86  24.00   0.00    0.02     0.00 
NGC2915       4.06   5.35  82.10  7.92  15.86  23.20   0.00    0.01     0.00 
NGC2915       4.06   5.69  82.40  8.33  15.65  22.42   0.00    0.01     0.00 
NGC2915       4.06   6.03  80.90  7.88  15.44  21.74   0.00    0.00     0.00 
